18434490
18483627
18492400
18492421
18492440
18492468
18494412
18509753
18515102
18522077
18537221
18541669
18550746
18551064
18554317
18560911
18566398
18566511
18566614
18566617
18566618
18566619
18566620
18566621
18566622
18574963
18577351
18580593
18585377
18585379
18585380
18585381
18585383
18585386
18585389
18585392
18585393
18585396
18585398
18585448
18585459
18585461
18585463
18585464
18585469
18585502
18585506
18585509
18585696
18589374
18591200
18591795
18612671
18622689
18633587
18634349
18634354
18636279
18636882
18636912
18638579
18642218
18651280
18657680
18659090
18659091
18659093
18660651
18660933
18660993
18661233
18661446
18663265
18663899
18665007
18665236
18665244
18665944
18666361
18667474
18667545
18667607
18667651
18667714
18667919
18667930
18667954
18670032
18671460
18671774
18683603
18684844
18686894
18687481
18687624
18688768
18691573
18691937
18695815
18695816
18695933
18700015
18702278
18702332
18702350
18708321
18708423
18709116
18709274
18709477
18709804
18710105
18712449
18715506
18716455
18717527
18720128
18729941
18744284
18749181
18749324
18749376
18754599
18755265
18756266
18757096
18757163
18758001
18760398
18762173
18762191
18765083
18765210
18765910
18766653
18768867
18769163
18771409
18775154
18775838
18775933
18776697
18776798
18777902
18777920
18780355
18780568
18781418
18784169
18784308
18784728
18784825
18785507
18785566
18785586
18785656
18788669
18788672
18788675
18788678
18788760
18788769
18788776
18788777
18789321
18789643
18791713
18791781
18795303
18796067
18796445
18796519
18797220
18799203
18799453
18799455
18799458
18799464
18799466
18799468
18799472
18799572
18799573
18799574
18799575
18799576
18799580
18799581
18799583
18801114
18801454
18801483
18801619
18801664
18807955
18808026
18808249
18808394
18808398
18808530
18808559
18808706
18809273
18809342
18809747
18812293
18814020
18814205
18814237
18816232
18816267
18816287
18816356
18816365
18816450
18816453
18816569
18821394
18823821
18824059
18824567
18824812
18825213
18825805
18829109
18829203
18829221
18829556
18829812
18842064
18842246
18842307
18845871
18846941
18851166
18852027
18853242
18853411
18853609
18855236
18857557
18857562
18859109
18859120
18860145
18860156
18862334
18862974
18863446
18863792
18864373
18865364
18867663
18869454
18874010
18876014
18880218
18880220
18880222
18880225
18880299
18880301
18880303
18880304
18880305
18881231
18881382
18881393
18881397
18881402
18881405
18881407
18881408
18881416
18881420
18884947
18885691
18886611
18886695
18886696
18886739
18886760
18887393
18888651
18897396
18899953
18901983
18903005
18905724
18905908
18906062
18906078
18906511
18907236
18907594
18907678
18907718
18910906
18913623
18913629
18915331
18915505
18915550
18919356
18919513
18920382
18921014
18925906
18930348
18933355
18933698
18933842
18936693
18937783
18937945
18938297
18938368
18938419
18938685
18938721
18948765
18953905
18956688
18957614
18957698
18959126
18960026
18962898
18966033
18966214
18971060
18973339
18976215
18976256
18976301
18976458
18990832
19008390
19009895
19009922
19009963
19009973
19010000
19014807
19015925
19017572
19023476
19023736
19024472
19035807
19037140
19038017
19038815
19039275
19041516
19042334
19042555
19046700
19055862
19055974
19056362
19062158
19062520
19073850
19076419
19077143
19078454
19078957
19080752
19085221
19085440
19085589
19086348
19086687
19090446
19090637
19094546
19095198
19095939
19096222
19097137
19098308
19098410
19107439
19107696
19107771
19108273
19112804
19113508
19114576
19116528
19124262
19124552
19127656
19133462
19141540
19144511
19147427
19147447
19147461
19147472
19147538
19148234
19148391
19149153
19149325
19151026
19151056
19151062
19151071
19151090
19151139
19151158
19151205
19151375
19151402
19151431
19151448
19151479
19152157
19152182
19152200
19152262
19152290
19158165
19159016
19167901
19179162
19179180
19179248
19179301
19179351
19184379
19184753
19184822
19185272
19187030
19188743
19190637
19192350
19192451
19193015
19193582
19194778
19196002
19196551
19196764
19199210
19202409
19202491
19202534
19202591
19202696
19202723
19214294
19214812
19215742
19218136
19224145
19236978
19237066
19240528
19243619
19253005
19253261
19253382
19254280
19256170
19256378
19256871
19262200
19262220
19262248
19262281
19263009
19265945
19266199
19271503
19274742
19274937
19276889
19277826
19283175
19292280
19299295
19299359
19300361
19301742
19301872
19301898
19301943
19301984
19301988
19301992
19301996
19302017
19302325
19305710
19308550
19309068
19310054
19310192
19310203
19310211
19310237
19310242
19310255
19310271
19310289
19310306
19310872
19310949
19311058
19311150
19311971
19314709
19316977
19317399
19317654
19317858
19317932
19317940
19318046
19318202
19318305
19318310
19318321
19318829
19318856
19318896
19320160
19322809
19334667
19334871
19335611
19336247
19338862
19340334
19351105
19354939
19364894
19365025
19365119
19365731
19365765
19369744
19370853
19372617
19372623
19372627
19372674
19372865
19372867
19372868
19372869
19381671
19384270
19384610
19384728
19384790
19384912
19385151
19385221
19385311
19385348
19385405
19385448
19385477
19385483
19385490
19385496
19385503
19385758
19385869
19388262
19391705
19391710
19391726
19391732
19391735
19391738
19391742
19391746
19391750
19392209
19392223
19392469
19392487
19392508
19392584
19392626
19396598
19397177
19397467
19397494
19397567
19397648
19397783
19397971
19397982
19398093
19398219
19398418
19400838
19405261
19414871
19426344
19429926
19431384
19431540
19431765
19433938
19440168
19446045
19446299
19446338
19446366
19446377
19446391
19446401
19446673
19446941
19447061
19447089
19447117
19447172
19447188
19452006
19453680
19456331
19456334
19456363
19456367
19458435
19458630
19458717
19459726
19465934
19469924
19470093
19472722
19474605
19474629
19474748
19476189
19476233
19476795
19476854
19476899
19476963
19478408
19478446
19478513
19478538
19478560
19483817
19484354
19492504
19502993
19504653
19513338
19513833
19519776
19519857
19521687
19521854
19521882
19521946
19523076
19524238
19524320
19525597
19525942
19527465
19527822
19529867
19532734
19534861
19539002
19539974
19543559
19545644
19545709
19545710
19548130
19548452
19549086
19552338
19552390
19566763
19572287
19573003
19573599
19573705
19573821
19573858
19574090
19574421
19574467
19574486
19574517
19579373
19581418
19581652
19583476
19589981
19591719
19591876
19593218
19600130
19601033
19602111
19603920
19606706
19609346
19623460
19623463
19623468
19625095
19626124
19627244
19632052
19633184
19633437
19634639
19636087
19637780
19644498
19652378
19652749
19652751
19654068
19657956
19660730
19660821
19665807
19666676
19677205
19679528
19679577
19679580
19679640
19679642
19679647
19679648
19679662
19681722
19681723
19681737
19681741
19681748
19683044
19684067
19690756
19697952
19699783
19704623
19704629
19705882
19706888
19707992
19709935
19709936
19710023
19710024
19710026
19710027
19710165
19710171
19710189
19710201
19710833
19710848
19710863
19716407
19720129
19720141
19720146
19720152
19720154
19720164
19720184
19721919
19721965
19721966
19721973
19723011
19723013
19723014
19723016
19724735
19724769
19725069
19725761
19725762
19725763
19725816
19732039
19734044
19734055
19735510
19737044
19737106
19746750
19746751
19746753
19746756
19748904
19751240
19753046
19753189
19753372
19753396
19753405
19753408
19753414
19756979
19760353
19760697
19760711
19760725
19760733
19760739
19760920
19760937
19760982
19761531
19762426
19762427
19762429
19762431
19762432
19762433
19762436
19764742
19770092
19770093
19770602
19771201
19771257
19771397
19771929
19772000
19772107
19772144
19772980
19773105
19773232
19773290
19773306
19773567
19774364
19774372
19774430
19774441
19774454
19774971
19775730
19777153
19778130
19778163
19778259
19781371
19781448
19782273
19783189
19783196
19783200
19783217
19783220
19783226
19783312
19783322
19783354
19783365
19783376
19783468
19783478
19783485
19783488
19783496
19783503
19783511
19783558
19783871
19783904
19783917
19783928
19783934
19785887
19786627
19786916
19787481
19789142
19789336
19789925
19790227
19790830
19790834
19790838
19790841
19790845
19790851
19790856
19790860
19790865
19790873
19790876
19790879
19790914
19792866
19793289
19793732
19793733
19797627
19798797
19798932
19798939
19798947
19798953
19798971
19799086
19799224
19799229
19799586
19799840
19799841
19799871
19799946
19800034
19800044
19800226
19800868
19800877
19800878
19800886
19800889
19800897
19801228
19801486
19801657
19801779
19802223
19802332
19803093
19803155
19803539
19803708
19803879
19805504
19806210
19806967
19806970
19806973
19806976
19806980
19806985
19806994
19806998
19807002
19807006
19807010
19808940
19808945
19808948
19811455
19812361
19814461
19814481
19814808
19816071
19816074
19816585
19816742
19817144
19817314
19817803
19820710
19820718
19820723
19820752
19826049
19840244
19841775
19841787
19841792
19841800
19841803
19841824
19841838
19841846
19848126
19848140
19848143
19848145
19848155
19848173
19848980
19850232
19852634
19852648
19852654
19855462
19859680
19859995
19860040
19860084
19863393
19867623
19867626
19867794
19867805
19867806
19867821
19867827
19867836
19867854
19867860
19867869
19867872
19870682
19870728
19870773
19870815
19875661
19875677
19876887
19876896
19876904
19876913
19877807
19878079
19878225
19878476
19878654
19881124
19884966
19885053
19885093
19890820
19890825
19890828
19890833
19892258
19893947
19893963
19894035
19894044
19894051
19897608
19897636
19897649
19901280
19906214
19906224
19908805
19908838
19908854
19908863
19908870
19908917
19908926
19908928
19908929
19908930
19908931
19908932
19908933
19909601
19909603
19909610
19909901
19912606
19912649
19912653
19912705
19912762
19912763
19912766
19912860
19912883
19912897
19912902
19912906
19912910
19912914
19912924
19912926
19912927
19913156
19915165
19915211
19915319
19915370
19915371
19915372
19916179
19916182
19916195
19916289
19917156
19917257
19917263
19917266
19917267
19917268
19917275
19917281
19918023
19918044
19918057
19918063
19918078
19918137
19918175
19918182
19918365
19918369
19918390
19918413
19918450
19918507
19918531
19918566
19918617
19918654
19919411
19919423
19919439
19919453
19919466
19919472
19919482
19919499
19919508
19919517
19919530
19919538
19919548
19919551
19919555
19920487
19920491
19920495
19920501
19924681
19924690
19924691
19924703
19924715
19932036
19942642
19942980
19944408
19944955
19944962
19944978
19945006
19945022
19945156
19950353
19951975
19952003
19952074
19955547
19960234
19960764
19960765
19960766
19960785
19960788
19960789
19960793
19960797
19960799
19960803
19960820
19960821
19962338
19962361
19968748
19968758
19968762
19968764
19968775
19968778
19968790
19968840
19968859
19968861
19968866
19968897
19968901
19968914
19968930
19968932
19968936
19968948
19968974
19968982
19968999
19969028
19969031
19969041
19969069
19969076
19969092
19973950
19973955
19973958
19973962
19973980
19973989
19973999
19974008
19974011
19974012
19974018
19974020
19974021
19974025
19974039
19974054
19974057
19974074
19974076
19974085
19974128
19974136
19974140
19974148
19985818
19985829
19987438
19988720
19988729
19988740
19988754
19992524
19992526
19992530
19992535
19992542
19992565
19992572
19995678
20002303
20006207
20006209
20006212
20006213
20006216
20006226
20006228
20006229
20008003
20008004
20008010
20008011
20008013
20008020
20008022
20008026
20008028
20008031
20008037
20008038
20008041
20008044
20008047
